Date,Long,Short,Change long,Change short,Net position
01/04/25,94101,64076,-11984,-7905,30025,
25/03/25,106085,71981,5009,-3903,34104,
18/03/25,101076,75884,6147,-447,25192,
11/03/25,94929,76331,5942,356,18598,
04/03/25,88987,75975,-2770,3240,13012,
25/02/25,91757,72735,-9713,-6672,19022,
18/02/25,101470,79407,-2562,-3729,22063,
11/02/25,104032,83136,12030,6555,20896,
04/02/25,92002,76581,5171,2795,15421,
28/01/25,86831,73786,-2024,1594,13045,
21/01/25,88855,72192,3951,-874,16663,
14/01/25,84904,73066,-4682,-12250,11838,
07/01/25,89586,85316,1286,-2225,4270,
31/12/24,88300,87541,5224,6269,759,
24/12/24,83076,81272,1536,5672,1804,
17/12/24,81540,75600,-3045,1974,5940,
10/12/24,84585,73626,-1893,-2386,10959,
03/12/24,86478,76012,3210,2669,10466,
26/11/24,83268,73343,-4574,943,9925,
19/11/24,87842,72400,-6099,-696,15442,
12/11/24,93941,73096,-8055,-5230,20845,
05/11/24,101996,78326,5152,5221,23670,
29/10/24,96844,73105,-3158,5558,23739,
22/10/24,100002,67547,966,4033,32455,
15/10/24,99036,63514,-6216,1358,35522,
08/10/24,105252,62156,-3169,-3073,43096,
01/10/24,108421,65229,12159,2097,43192,
24/09/24,96262,63132,17027,3579,33130,
17/09/24,79235,59553,4481,-2389,19682,
10/09/24,74754,61942,-2536,-2387,12812,
03/09/24,77290,64329,-11773,-7589,12961,
27/08/24,89063,71918,-2772,357,17145,
20/08/24,91835,71561,5822,1345,20274,
13/08/24,86013,70216,-2585,1216,15797,
06/08/24,88598,69000,-14359,-9482,19598,
30/07/24,102957,78482,-14279,3466,24475,
23/07/24,117236,75016,-22538,-5858,42220,
16/07/24,139774,80874,-1463,-4332,58900,
09/07/24,141237,85206,5994,-814,56031,
02/07/24,135243,86020,445,1348,49223,
25/06/24,134798,84672,908,3403,50126,
18/06/24,133890,81269,-5123,3544,52621,
11/06/24,139013,77725,-3699,-3860,61288,
04/06/24,142712,81585,-11027,-6632,61127,
28/05/24,153739,88217,-9148,-2976,65522,
21/05/24,162887,91193,-775,-10689,71694,
14/05/24,163662,101882,3515,4383,61780,
07/05/24,160147,97499,7340,2756,62648,
30/04/24,152807,94743,3794,4124,58064,
23/04/24,149013,90619,4423,-6402,58394,
16/04/24,144590,97021,18,-4857,47569,
09/04/24,144572,101878,17706,-4692,42694,
02/04/24,126866,106570,6095,8882,20296,
26/03/24,120771,97688,-3545,5297,23083,
19/03/24,124316,92391,36877,10379,31925,
12/03/24,87439,82012,16469,5715,5427,
05/03/24,70970,76297,1297,5021,-5327,
27/02/24,69673,71276,-10268,-24607,-1603,
20/02/24,79941,95883,1712,-15043,-15942,
13/02/24,78229,110926,6946,25933,-32697,
06/02/24,71283,84993,183,5295,-13710,
30/01/24,71100,79698,4731,-16594,-8598,
23/01/24,66369,96292,3961,8578,-29923,
16/01/24,62408,87714,-1854,10285,-25306,
09/01/24,64262,77429,-6332,15452,-13167,
02/01/24,70594,61977,-2492,-4032,8617,
26/12/23,73086,66009,-1551,-3069,7077,
19/12/23,74637,69078,9007,-556,5559,
12/12/23,65630,69634,2850,4860,-4004,
05/12/23,62780,64774,31,-1847,-1994,
28/11/23,62749,66621,-2073,-1744,-3872,
21/11/23,64822,68365,2846,-10219,-3543,
14/11/23,61976,78584,-4077,2243,-16608,
07/11/23,66053,76341,-3856,-10729,-10288,
31/10/23,69909,87070,-1939,-5538,-17161,
24/10/23,71848,92608,175,-4954,-20760,
17/10/23,71673,97562,4994,16128,-25889,
10/10/23,66679,81434,-2594,-9751,-14755,
03/10/23,69273,91185,-1390,-8257,-21912,
26/09/23,70663,99442,2419,14898,-28779,
19/09/23,68244,84544,911,4877,-16300,
12/09/23,67333,79667,215,5779,-12334,
05/09/23,67118,73888,4494,-5352,-6770,
29/08/23,62624,79240,-1281,-9280,-16616,
22/08/23,63905,88520,-3496,-4579,-24615,
15/08/23,67401,93099,-3846,11795,-25698,
08/08/23,71247,81304,-9152,11649,-10057,
01/08/23,80399,69655,6656,-2929,10744,
25/07/23,73743,72584,6422,1713,1159,
18/07/23,67321,70871,7932,325,-3550,
11/07/23,59389,70546,373,2768,-11157,
03/07/23,59016,67778,-5498,6204,-8762,
27/06/23,64514,61574,-226,-1278,2940,
20/06/23,64740,62852,3447,-11347,1888,
13/06/23,61293,74199,4633,-8417,-12906,
06/06/23,56660,82616,1561,-8185,-25956,
30/05/23,55099,90801,-6364,-470,-35702,
23/05/23,61463,91271,1770,-1029,-29808,
16/05/23,59693,92300,4562,12304,-32607,
09/05/23,55131,79996,823,3946,-24865,
02/05/23,54308,76050,-2916,1784,-21742,
25/04/23,57224,74266,-10038,15938,-17042,
18/04/23,67262,58328,11199,-2038,8934,
11/04/23,56063,60366,-4475,-3126,-4303,
04/04/23,60538,63492,3943,5352,-2954,
28/03/23,56595,58140,5500,-5306,-1545,
21/03/23,51095,63446,-2993,-4798,-12351,
14/03/23,54088,68244,-10770,-4334,-14156,
07/03/23,64858,72578,4178,5860,-7720,
28/02/23,60680,66718,-12715,-4628,-6038,
21/02/23,73395,71346,6110,-1450,2049,
14/02/23,67285,72796,-8189,-173,-5511,
07/02/23,75474,72969,-9936,4774,2505,
31/01/23,85410,68195,-2531,424,17215,
24/01/23,87941,67771,3031,-901,20170,
17/01/23,84910,68672,10157,4146,16238,
10/01/23,74753,64526,17562,2660,10227,
03/01/23,57191,61866,-1279,4120,-4675,
27/12/22,58470,57746,2530,2581,724,
20/12/22,55940,55165,-2117,-336,775,
13/12/22,58057,55501,2561,1684,2556,
06/12/22,55496,53817,4063,4368,1679,
29/11/22,51433,49449,-1268,-148,1984,
22/11/22,52701,49597,-8029,-1312,3104,
15/11/22,60730,50909,5702,-1206,9821,
08/11/22,55028,52115,4290,-6107,2913,
01/11/22,50738,58222,738,-8697,-7484,
25/10/22,50000,66919,665,-2718,-16919,
18/10/22,49335,69637,-1686,2717,-20302,
11/10/22,51021,66920,551,-1801,-15899,
04/10/22,50470,68721,-256,-9761,-18251,
27/09/22,50726,78482,3953,11423,-27756,
20/09/22,46773,67059,2199,3499,-20286,
13/09/22,44574,63560,-2007,-7011,-18986,
06/09/22,46581,70571,476,1211,-23990,
30/08/22,46105,69360,-4105,160,-23255,
23/08/22,50210,69200,3413,-5817,-18990,
16/08/22,46797,75017,-2680,-2937,-28220,
09/08/22,49477,77954,-840,231,-28477,
02/08/22,50317,77723,-2060,-1216,-27406,
26/07/22,52377,78939,377,3103,-26562,
19/07/22,52000,75836,-623,-3082,-23836,
12/07/22,52623,78918,-1450,-6951,-26295,
05/07/22,54073,85869,6291,7391,-31796,
28/06/22,47782,78478,-2448,7310,-30696,
21/06/22,50230,71168,-847,6294,-20938,
14/06/22,51077,64874,-7155,2928,-13797,
07/06/22,58232,61946,4828,-9483,-3714,
31/05/22,53404,71429,-726,-2334,-18025,
24/05/22,54130,73763,971,-3804,-19633,
17/05/22,53159,77567,-4351,-2569,-24408,
10/05/22,57510,80136,-8080,-1077,-22626,
03/05/22,65590,81213,-5069,6769,-15623,
26/04/22,70659,74444,-12602,10023,-3785,
19/04/22,83261,64421,1321,5831,18840,
12/04/22,81940,58590,-8839,3953,23350,
05/04/22,90779,54637,4226,-1335,36142,
29/03/22,86553,55972,5030,1261,30581,
22/03/22,81523,54711,8185,403,26812,
15/03/22,73338,54308,-14406,-1617,19030,
08/03/22,87744,55925,12218,2492,31819,
01/03/22,75526,53433,-5414,-1932,22093,
22/02/22,80940,55365,-3475,1642,25575,
15/02/22,84415,53723,10113,-1724,30692,
08/02/22,74302,55447,5318,2618,18855,
01/02/22,68984,52829,-9632,694,16155,
25/01/22,78616,52135,943,-3228,26481,
18/01/22,77673,55363,3865,-1739,22310,
11/01/22,73808,57102,-1399,1654,16706,
04/01/22,75207,55448,4227,-1149,19759,
