Date,Long,Short,Change long,Change short,Net position
13/05/25,189642,301721,2466,-2620,-112079,
06/05/25,187176,304341,-14761,-9994,-117165,
29/04/25,201937,314335,-6500,1756,-112398,
22/04/25,208437,312579,-6433,-19417,-104142,
15/04/25,214870,331996,-17104,-9158,-117126,
08/04/25,231974,341154,-4076,-17511,-109180,
01/04/25,236050,358665,864,-8430,-122615,
25/03/25,235186,367095,1943,10809,-131909,
18/03/25,233243,356286,-38927,-8874,-123043,
11/03/25,272170,365160,-16530,-2684,-92990,
04/03/25,288700,367844,14753,20114,-79144,
25/02/25,273947,347730,190,-20643,-73783,
18/02/25,273757,368373,34159,48243,-94616,
11/02/25,239598,320130,24126,32460,-80532,
04/02/25,215472,287670,-11748,-4592,-72198,
28/01/25,227220,292262,-7926,-11345,-65042,
21/01/25,235146,303607,-191,-3313,-68461,
14/01/25,235337,306920,12288,-20896,-71583,
07/01/25,223049,327816,23159,9853,-104767,
31/12/24,199890,317963,-14080,-16283,-118073,
24/12/24,213970,334246,-6439,-14364,-120276,
17/12/24,220409,348610,-1005,-13383,-128201,
10/12/24,221414,361993,9744,-1300,-140579,
03/12/24,211670,363293,-4140,-5909,-151623,
26/11/24,215810,369202,-21122,-28779,-153392,
19/11/24,236932,397981,-18431,-13501,-161049,
12/11/24,255363,411482,-7426,-7755,-156119,
05/11/24,262789,419237,15329,5604,-156448,
29/10/24,247460,413633,4211,4199,-166173,
22/10/24,243249,409434,13581,40388,-166185,
15/10/24,229668,369046,1628,17448,-139378,
08/10/24,228040,351598,-11026,3538,-123558,
01/10/24,239066,348060,-29085,-11588,-108994,
24/09/24,268151,359648,-13275,-11354,-91497,
17/09/24,281426,371002,-10668,-8697,-89576,
10/09/24,292094,379699,-4657,-17345,-87605,
03/09/24,296751,397044,-6310,1778,-100293,
27/08/24,303061,395266,8630,19582,-92205,
20/08/24,294431,375684,-13271,-12788,-81253,
13/08/24,307702,388472,-21576,-7146,-80770,
06/08/24,329278,395618,5259,-11538,-66340,
30/07/24,324019,407156,15498,10284,-83137,
23/07/24,308521,396872,4284,-899,-88351,
16/07/24,304237,397771,13897,1959,-93534,
09/07/24,290340,395812,6088,21272,-105472,
02/07/24,284252,374540,28375,29401,-90288,
25/06/24,255877,345139,-4526,-19349,-89262,
18/06/24,260403,364488,-10882,-9555,-104085,
11/06/24,271285,374043,6302,9395,-102758,
04/06/24,264983,364648,-9044,15198,-99665,
28/05/24,274027,349450,-17853,-32525,-75423,
21/05/24,291880,381975,1074,-25463,-90095,
14/05/24,290806,407438,-3439,-22575,-116632,
07/05/24,294245,430013,-17832,-32297,-135768,
30/04/24,312077,462310,5823,23578,-150233,
23/04/24,306254,438732,-15474,-14871,-132478,
16/04/24,321728,453603,1548,5526,-131875,
09/04/24,320180,448077,-24013,-14846,-127897,
02/04/24,344193,462923,-1552,-95,-118730,
26/03/24,345745,463018,-4520,9158,-117273,
19/03/24,350265,453860,-1438,664,-103595,
12/03/24,351703,453196,17279,-9976,-101493,
05/03/24,334424,463172,8096,-4709,-128748,
27/02/24,326328,467881,-30006,-42325,-141553,
20/02/24,356334,510206,21830,39145,-153872,
13/02/24,334504,471061,33484,55810,-136557,
06/02/24,301020,415251,21481,32529,-114231,
30/01/24,279539,382722,8633,31235,-103183,
23/01/24,270906,351487,17399,41472,-80581,
16/01/24,253507,310015,6887,-2752,-56508,
09/01/24,246620,312767,-35110,-60610,-66147,
02/01/24,281730,373377,-997,-15470,-91647,
26/12/23,282727,388847,-10721,-11119,-106120,
19/12/23,293448,399966,-18165,-23264,-106518,
12/12/23,311613,423230,8106,8644,-111617,
05/12/23,303507,414586,2915,6105,-111079,
28/11/23,300592,408481,29331,16961,-107889,
21/11/23,271261,391520,-4732,12900,-120259,
14/11/23,275993,378620,23273,55930,-102627,
07/11/23,252720,322690,39134,54452,-69970,
31/10/23,213586,268238,10281,-5339,-54652,
24/10/23,203305,273577,11856,24802,-70272,
17/10/23,191449,248775,-10203,-3536,-57326,
10/10/23,201652,252311,-22543,-51084,-50659,
03/10/23,224195,303395,-3339,-18298,-79200,
26/09/23,227534,321693,1112,1352,-94159,
19/09/23,226422,320341,-16409,-34534,-93919,
12/09/23,242831,354875,-3822,-10057,-112044,
05/09/23,246653,364932,8157,10097,-118279,
29/08/23,238496,354835,5187,14189,-116339,
22/08/23,233309,340646,6176,18330,-107337,
15/08/23,227133,322316,-15255,-27915,-95183,
08/08/23,242388,350231,-19848,-19026,-107843,
01/08/23,262236,369257,16457,26357,-107021,
25/07/23,245779,342900,-6596,-5237,-97121,
18/07/23,252375,348137,591,9598,-95762,
11/07/23,251784,338539,-3099,-15119,-86755,
03/07/23,254883,353658,4326,10301,-98775,
27/06/23,250557,343357,-6962,-23477,-92800,
20/06/23,257519,366834,-15818,-29484,-109315,
13/06/23,273337,396318,-3957,-7828,-122981,
06/06/23,277294,404146,2634,23316,-126852,
30/05/23,274660,380830,7752,1644,-106170,
23/05/23,266908,379186,-1535,-13232,-112278,
16/05/23,268443,392418,-6620,-21473,-123975,
09/05/23,275063,413891,1144,-1317,-138828,
02/05/23,273919,415208,14055,19194,-141289,
25/04/23,259864,396014,-9148,-12984,-136150,
18/04/23,269012,408998,-19350,-20259,-139986,
11/04/23,288362,429257,-27590,-17180,-140895,
04/04/23,315952,446437,22433,26721,-130485,
28/03/23,293519,419716,21205,2721,-126197,
21/03/23,272314,416995,16583,13431,-144681,
14/03/23,255731,403564,-6258,-14824,-147833,
07/03/23,261989,418388,-8379,-32893,-156399,
28/02/23,270368,451281,-20924,-19275,-180913,
21/02/23,291292,470556,16858,21940,-179264,
14/02/23,274434,448616,8865,4953,-174182,
07/02/23,265569,443663,33587,42467,-178094,
31/01/23,231982,401196,28673,26915,-169214,
24/01/23,203309,374281,20991,14744,-170972,
17/01/23,182318,359537,5857,10573,-177219,
10/01/23,176461,348964,16595,19285,-172503,
03/01/23,159866,329679,5001,14212,-169813,
27/12/22,154865,315467,2427,10273,-160602,
20/12/22,152438,305194,16332,15407,-152756,
13/12/22,136106,289787,-11172,-21528,-153681,
06/12/22,147278,311315,7185,7793,-164037,
29/11/22,140093,303522,4427,-3069,-163429,
22/11/22,135666,306591,-499,18312,-170925,
15/11/22,136165,288279,2966,2772,-152114,
08/11/22,133199,285507,-5633,-1978,-152308,
01/11/22,138832,287485,-1618,-4731,-148653,
25/10/22,140450,292216,2730,-238,-151766,
18/10/22,137720,292454,-3197,-10566,-154734,
11/10/22,140917,303020,4619,7626,-162103,
04/10/22,136298,295394,-5723,1249,-159096,
27/09/22,142021,294145,-11089,-14676,-152124,
20/09/22,153110,308821,-2835,7161,-155711,
13/09/22,155945,301660,-7714,-637,-145715,
06/09/22,163659,302297,-5265,4608,-138638,
30/08/22,168924,297689,1771,1926,-128765,
23/08/22,167153,295763,-2980,4719,-128610,
16/08/22,170133,291044,161,-4347,-120911,
09/08/22,169972,295391,-4557,-4111,-125419,
02/08/22,174529,299502,-8912,-2229,-124973,
26/07/22,183441,301731,-169,-2202,-118290,
19/07/22,183610,303933,416,-10864,-120323,
12/07/22,183194,314797,-14743,-13659,-131603,
05/07/22,197937,328456,-5267,-4167,-130519,
28/06/22,203204,332623,-10283,-11733,-129419,
21/06/22,213487,344356,-6769,615,-130869,
14/06/22,220256,343741,-14817,-5674,-123485,
07/06/22,235073,349415,6586,10560,-114342,
31/05/22,228487,338855,-1732,-2934,-110368,
24/05/22,230219,341789,-1357,-4799,-111570,
17/05/22,231576,346588,-2730,-247,-115012,
10/05/22,234306,346835,-12786,-17963,-112529,
03/05/22,247092,364798,-559,-233,-117706,
26/04/22,247651,365031,-3622,-16248,-117380,
19/04/22,251273,381279,-11328,-18871,-130006,
12/04/22,262601,400150,-4127,-3189,-137549,
05/04/22,266728,403339,17593,16793,-136611,
29/03/22,249135,386546,-146,-12072,-137411,
22/03/22,249281,398618,8799,11576,-149337,
15/03/22,240482,387042,-4610,3537,-146560,
08/03/22,245092,383505,-410,11594,-138413,
01/03/22,245502,371911,3589,-631,-126409,
22/02/22,241913,372542,7235,6440,-130629,
15/02/22,234678,366102,-6151,10184,-131424,
08/02/22,240829,355918,-1870,-6791,-115089,
01/02/22,242699,362709,8829,4304,-120010,
25/01/22,233870,358405,-3981,2507,-124535,
18/01/22,237851,355898,16455,11938,-118047,
11/01/22,221396,343960,5225,-14118,-122564,
04/01/22,216171,358078,4872,562,-141907,
