Date,Long,Short,Change long,Change short,Net position
15/04/25,85708,79199,-6025,4776,6509,
08/04/25,91733,74423,-13253,4063,17310,
01/04/25,104986,70360,-4030,5627,34626,
25/03/25,109016,64733,13075,-1806,44283,
18/03/25,95941,66539,1155,946,29402,
11/03/25,94786,65593,12920,2301,29193,
04/03/25,81866,63292,7777,-6334,18574,
25/02/25,74089,69626,525,-4517,4463,
18/02/25,73564,74143,4477,1888,-579,
11/02/25,69087,72255,3645,-4510,-3168,
04/02/25,65442,76765,6111,-4238,-11323,
28/01/25,59331,81003,-16365,-2950,-21672,
21/01/25,75696,83953,-4861,3834,-8257,
14/01/25,80557,80119,-786,13282,438,
07/01/25,81343,66837,-4859,1470,14506,
31/12/24,86202,65367,1644,132,20835,
24/12/24,84558,65235,-3707,-1383,19323,
17/12/24,88265,66618,-14498,-9020,21647,
10/12/24,102763,75638,4707,-3092,27125,
03/12/24,98056,78730,-403,1905,19326,
26/11/24,98459,76825,-3254,15427,21634,
19/11/24,101713,61398,-18279,-2544,40315,
12/11/24,119992,63942,-745,-11711,56050,
05/11/24,120737,75653,-11899,9373,45084,
29/10/24,132636,66280,-7967,253,66356,
22/10/24,140603,66027,-11320,-94,74576,
15/10/24,151923,66121,-5743,1590,85802,
08/10/24,157666,64531,-3803,-3173,93135,
01/10/24,161469,67704,6144,-629,93765,
24/09/24,155325,68333,30503,6490,86992,
17/09/24,124822,61843,-17250,10059,62979,
10/09/24,142072,51784,-18701,-911,90288,
03/09/24,160773,52695,8610,-9537,108078,
27/08/24,152163,62232,26529,4109,89931,
20/08/24,125634,58123,23031,3332,67511,
13/08/24,102603,54791,-23477,3110,47812,
06/08/24,126080,51681,-39555,-2483,74399,
30/07/24,165635,54164,-22854,7858,111471,
23/07/24,188489,46306,5202,-4079,142183,
16/07/24,183287,50385,47971,-241,132902,
09/07/24,135316,50626,28563,5914,84690,
02/07/24,106753,44712,4206,-13787,62041,
25/06/24,102547,58499,-3373,200,44048,
18/06/24,105920,58299,-4380,120,47621,
11/06/24,110300,58179,8182,-729,52121,
04/06/24,102118,58908,9077,-8731,43210,
28/05/24,93041,67639,24503,154,25402,
21/05/24,68538,67485,19864,-1264,1053,
14/05/24,48674,68749,-3103,-4841,-20075,
07/05/24,51777,73590,8109,932,-21813,
30/04/24,43668,72658,-4791,-2034,-28990,
23/04/24,48459,74692,-23341,11511,-26233,
16/04/24,71800,63181,-8200,11433,8619,
09/04/24,80000,51748,-18352,-3190,28252,
02/04/24,98352,54938,7091,-1153,43414,
26/03/24,91261,56091,-11344,6686,35170,
19/03/24,102605,49405,-20680,-3429,53200,
12/03/24,123285,52834,21006,8940,70451,
05/03/24,102279,43894,10309,-1718,58385,
27/02/24,91970,45612,4368,4322,46358,
20/02/24,87602,41290,-2943,1217,46312,
13/02/24,90545,40073,6609,-9388,50472,
06/02/24,83936,49461,6437,6115,34475,
30/01/24,77499,43346,4900,2184,34153,
23/01/24,72599,41162,6369,5863,31437,
16/01/24,66230,35299,5546,-4651,30931,
09/01/24,60684,39950,-1110,-6639,20734,
02/01/24,61794,46589,3044,1931,15205,
26/12/23,58750,44658,-10060,-4226,14092,
19/12/23,68810,48884,-3201,-1546,19926,
12/12/23,72011,50430,5652,-4264,21581,
05/12/23,66359,54694,5063,-14497,11665,
28/11/23,61296,69191,17996,-207,-7895,
21/11/23,43300,69398,-9497,-11129,-26098,
14/11/23,52797,80527,-4735,6743,-27730,
07/11/23,57532,73784,-6180,-10299,-16252,
31/10/23,63712,84083,-3407,-1672,-20371,
24/10/23,67119,85755,1582,9009,-18636,
17/10/23,65537,76746,-753,408,-11209,
10/10/23,66290,76338,-7621,-4253,-10048,
03/10/23,73911,80591,-10839,11510,-6680,
26/09/23,84750,69081,-345,17669,15669,
19/09/23,85095,51412,-12270,221,33683,
12/09/23,97365,51191,4720,4930,46174,
05/09/23,92645,46261,-4498,-2481,46384,
29/08/23,97143,48742,-918,9788,48401,
22/08/23,98061,38954,7520,-599,59107,
15/08/23,90541,39553,7302,3334,50988,
08/08/23,83239,36219,-8936,-6394,47020,
01/08/23,92175,42613,-13323,-3890,49562,
25/07/23,105498,46503,-29771,-25037,58995,
18/07/23,135269,71540,23602,17936,63729,
11/07/23,111667,53604,15206,7408,58063,
03/07/23,96461,46196,-7921,-6192,50265,
27/06/23,104382,52388,2815,-2571,51994,
20/06/23,101567,54959,25184,-14689,46608,
13/06/23,76383,69648,11320,17069,6735,
06/06/23,65063,52579,-5257,-4506,12484,
30/05/23,70320,57085,1117,-529,13235,
23/05/23,69203,57614,-8185,-7181,11589,
16/05/23,77388,64795,5827,-2238,12593,
09/05/23,71561,67033,12900,9437,4528,
02/05/23,58661,57596,-744,4030,1065,
25/04/23,59405,53566,5571,1034,5839,
18/04/23,53834,52532,-1094,-4794,1302,
11/04/23,54928,57326,8513,-3882,-2398,
04/04/23,46415,61208,18060,8769,-14793,
28/03/23,28355,52439,-297,3289,-24084,
21/03/23,28652,49150,-3682,-498,-20498,
14/03/23,32334,49648,-16777,-16865,-17314,
07/03/23,49111,66513,7549,1227,-17402,
28/02/23,41562,65286,-3913,-1605,-23724,
21/02/23,45475,66891,3277,4898,-21416,
14/02/23,42198,61993,-4933,741,-19795,
07/02/23,47131,61252,10897,6701,-14121,
31/01/23,36234,54551,1478,-4139,-18317,
24/01/23,34756,58690,-6713,-7476,-23934,
17/01/23,41469,66166,5462,703,-24697,
10/01/23,36007,65463,-7618,1537,-29456,
03/01/23,43625,63926,3040,12454,-20301,
27/12/22,40585,51472,5301,10585,-10887,
20/12/22,35284,40887,3276,-16860,-5603,
13/12/22,32008,57747,3469,1015,-25739,
06/12/22,28539,56732,2539,-5852,-28193,
29/11/22,26000,62584,-4917,-4275,-36584,
22/11/22,30917,66859,-3782,-674,-35942,
15/11/22,34699,67533,-1931,-8832,-32834,
08/11/22,36630,76365,1651,-3450,-39735,
01/11/22,34979,79815,-8532,-11501,-44836,
25/10/22,43511,91316,3183,-223,-47805,
18/10/22,40328,91539,-8651,3390,-51211,
11/10/22,48979,88149,6901,-3468,-39170,
04/10/22,42078,91617,-17753,-14638,-49539,
27/09/22,59831,106255,18542,10123,-46424,
20/09/22,41289,96132,160,-13083,-54843,
13/09/22,41129,109215,-11602,6052,-68086,
06/09/22,52731,103163,-5746,15516,-50432,
30/08/22,58477,87647,-306,898,-29170,
23/08/22,58783,86749,14699,9556,-27966,
16/08/22,44084,77193,1865,506,-33109,
09/08/22,42219,76687,12914,-9027,-34468,
02/08/22,29305,85714,-5301,-2882,-56409,
26/07/22,34606,88596,2663,-597,-53990,
19/07/22,31943,89193,-1907,-3746,-57250,
12/07/22,33850,92939,-5768,-2887,-59089,
05/07/22,39618,95826,4434,7524,-56208,
28/06/22,35184,88302,6714,-3415,-53118,
21/06/22,28470,91717,-873,-3222,-63247,
14/06/22,29343,94939,-5275,-10489,-65596,
07/06/22,34618,105428,3830,535,-70810,
31/05/22,30788,104893,4852,-1415,-74105,
24/05/22,25936,106308,-677,454,-80372,
17/05/22,26613,105854,-2856,-3213,-79241,
10/05/22,29469,109067,-4067,1718,-79598,
03/05/22,33536,107349,-6900,-2708,-73813,
26/04/22,40436,110057,3625,14332,-69621,
19/04/22,36811,95725,1297,7157,-58914,
12/04/22,35514,88568,-359,10937,-53054,
05/04/22,35873,77631,5249,6937,-41758,
29/03/22,30624,70694,-2129,697,-40070,
22/03/22,32753,69997,311,8494,-37244,
15/03/22,32442,61503,-18540,-2005,-29061,
08/03/22,50982,63508,3303,15492,-12526,
01/03/22,47679,48016,5430,-42,-337,
22/02/22,42249,48058,-7902,144,-5809,
15/02/22,50151,47914,5442,-5340,2237,
08/02/22,44709,53254,15112,52,-8545,
01/02/22,29597,53202,-7069,8773,-23605,
25/01/22,36666,44429,-3094,4422,-7763,
18/01/22,39760,40007,9254,-19665,-247,
11/01/22,30506,59672,4526,-5479,-29166,
04/01/22,25980,65151,2887,-8661,-39171,
