Date,Long,Short,Change long,Change short,Net position
09/01/24,271665,83051,-19041,-6,188614,
02/01/24,290706,83057,863,932,207649,
26/12/23,289843,82125,8871,2492,207718,
19/12/23,280972,79633,7436,-5670,201339,
12/12/23,273536,85303,-15304,7,188233,
05/12/23,288840,85296,-1005,-4465,203544,
28/11/23,289845,89761,20144,-8235,200084,
21/11/23,269701,97996,15349,-980,171705,
14/11/23,254352,98976,-7301,3539,155376,
07/11/23,261653,95437,600,-2191,166216,
31/10/23,261053,97628,9584,-4456,163425,
24/10/23,251469,102084,20057,-16590,149385,
17/10/23,231412,118674,11080,-30225,112738,
10/10/23,220332,148899,-8074,11719,71433,
03/10/23,228406,137180,-7154,17435,91226,
26/09/23,235560,119745,-2156,17192,115815,
19/09/23,237716,102553,2012,-9287,135163,
12/09/23,235704,111840,-98,14044,123864,
05/09/23,235802,97796,-252,-14986,138006,
29/08/23,236054,112782,9714,-11612,123272,
22/08/23,226340,124394,-6738,12452,101946,
15/08/23,233078,111942,4232,26081,121136,
08/08/23,228846,85861,-10139,11800,142985,
01/08/23,238985,74061,-9244,-529,164924,
25/07/23,248229,74590,-15511,4198,173639,
18/07/23,263740,70392,23194,-4400,193348,
11/07/23,240546,74792,5465,2808,165754,
03/07/23,235081,71984,14200,3013,163097,
27/06/23,220881,68971,-8427,2638,151910,
20/06/23,229308,66333,1991,-775,162975,
13/06/23,227317,67108,-10150,5282,160209,
06/06/23,237467,61826,161,-6164,175641,
30/05/23,237306,67990,1157,-7427,169316,
23/05/23,236149,75417,-19101,-19,160732,
16/05/23,255250,75436,-11222,4778,179814,
09/05/23,266472,70658,4059,3812,195814,
02/05/23,262413,66846,9227,-1076,195567,
25/04/23,253186,67922,-6875,-2246,185264,
18/04/23,260061,70168,-104,2748,189893,
11/04/23,260165,67420,-5999,-3528,192745,
04/04/23,266164,70948,21029,7443,195216,
28/03/23,245135,63505,7244,-15781,181630,
21/03/23,237891,79286,7068,-11206,158605,
14/03/23,230823,90492,15249,-26608,140331,
07/03/23,215574,117100,7155,17274,98474,
28/02/23,208419,99826,-1766,-3258,108593,
21/02/23,210185,103084,-189,-1761,107101,
14/02/23,210374,104845,-12924,10362,105529,
07/02/23,223298,94483,-33119,-1653,128815,
31/01/23,256417,96136,3106,498,160281,
24/01/23,253311,95638,6437,2004,157673,
17/01/23,246874,93634,3308,603,153240,
10/01/23,243566,93031,12765,3896,150535,
03/01/23,230801,89135,1276,-3510,141666,
27/12/22,229525,92645,3389,-4643,136880,
20/12/22,226136,97288,1727,-1472,128848,
13/12/22,224409,98760,12937,2413,125649,
06/12/22,211472,96347,2311,-2811,115125,
29/11/22,209161,99158,-5123,987,110003,
22/11/22,214284,98171,-12998,-2842,116113,
15/11/22,227282,101013,4147,-39784,126269,
08/11/22,223135,140797,6794,-10921,82338,
01/11/22,216341,151718,3488,6897,64623,
25/10/22,212853,144821,1963,10887,68032,
18/10/22,210890,133934,-1671,15793,76956,
11/10/22,212561,118141,-3403,-9438,94420,
04/10/22,215964,127579,8810,-27494,88385,
27/09/22,207154,155073,-7403,6238,52081,
20/09/22,214557,148835,-11375,20247,65722,
13/09/22,225932,128588,-5595,918,97344,
06/09/22,231527,127670,-3787,10090,103857,
30/08/22,235314,117580,-2113,6000,117734,
23/08/22,237427,111580,-769,14548,125847,
16/08/22,238196,97032,-4710,-3023,141164,
09/08/22,242906,100055,778,-17747,142851,
02/08/22,242128,117802,467,-31169,124326,
26/07/22,241661,148971,657,2922,92690,
19/07/22,241004,146049,-10122,13044,94955,
12/07/22,251126,133005,-16680,10859,118121,
05/07/22,267806,122146,-906,11127,145660,
28/06/22,268712,111019,593,6187,157693,
21/06/22,268119,104832,1523,-7166,163287,
14/06/22,266596,111998,-3760,16910,154598,
07/06/22,270356,95088,897,-1782,175268,
31/05/22,269459,96870,-12743,-1519,172589,
24/05/22,282202,98389,-809,-9262,183813,
17/05/22,283011,107651,-5936,12019,175360,
10/05/22,288947,95632,-4492,1361,193315,
03/05/22,293439,94271,-17072,1784,199168,
26/04/22,310511,92487,-20234,1499,218024,
19/04/22,330745,90988,-7419,7111,239757,
12/04/22,338164,83877,13594,4848,254287,
05/04/22,324570,79029,-3062,8993,245541,
29/03/22,327632,70036,-1028,-10592,257596,
22/03/22,328660,80628,-18071,-4315,248032,
15/03/22,346731,84943,-17887,-5287,261788,
08/03/22,364618,90230,10441,-6325,274388,
01/03/22,354177,96555,4081,-10393,257622,
22/02/22,350096,106948,36827,7292,243148,
15/02/22,313269,99656,33710,6803,213613,
08/02/22,279559,92853,3565,-10999,186706,
01/02/22,275994,103852,-37421,10588,172142,
25/01/22,313415,93264,22887,-3057,220151,
18/01/22,290528,96321,426,5956,194207,
11/01/22,290102,90365,-6481,5137,199737,
04/01/22,296583,85228,-7296,-5495,211355,
