Date,Long,Short,Change long,Change short,Net position
23/07/24,355611,79613,-20816,-9213,275998,
16/07/24,376427,88826,7198,3491,287601,
09/07/24,369229,85335,744,-3204,283894,
02/07/24,368485,88539,7386,-1315,279946,
25/06/24,361099,89854,22437,-1959,271245,
18/06/24,338662,91813,20479,7114,246849,
11/06/24,318183,84699,-15298,-38077,233484,
04/06/24,333481,122776,-11138,22083,210705,
28/05/24,344619,100693,12267,-12359,243926,
21/05/24,332352,113052,1957,-14300,219300,
14/05/24,330395,127352,-30138,-17737,203043,
07/05/24,360533,145089,-32249,17768,215444,
30/04/24,392782,127321,11304,10679,265461,
23/04/24,381478,116642,-30509,-4883,264836,
16/04/24,411987,121525,8190,14865,290462,
09/04/24,403797,106660,11469,15229,297137,
02/04/24,392328,91431,15425,-7445,300897,
26/03/24,376903,98876,10887,10617,278027,
19/03/24,366016,88259,36698,-7271,277757,
12/03/24,329318,95530,-12843,-8119,233788,
05/03/24,342161,103649,-11835,-25557,238512,
27/02/24,353996,129206,30448,-2441,224790,
20/02/24,323548,131647,15474,-5355,191901,
13/02/24,308074,137002,4300,-4934,171072,
06/02/24,303774,141936,-31589,3237,161838,
30/01/24,335363,138699,4444,-8202,196664,
23/01/24,330919,146901,-5822,-27806,184018,
16/01/24,336741,174707,6433,14081,162034,
09/01/24,330308,160626,-10806,-16759,169682,
02/01/24,341114,177385,275,35830,163729,
26/12/23,340839,141555,6104,-10437,199284,
19/12/23,334735,151992,-11250,-42394,182743,
12/12/23,345985,194386,-3676,13715,151599,
05/12/23,349661,180671,-2721,11460,168990,
28/11/23,352382,169211,1597,25750,183171,
21/11/23,350785,143461,-13594,-5184,207324,
14/11/23,364379,148645,-16772,3464,215734,
07/11/23,381151,145181,-2631,23657,235970,
31/10/23,383782,121524,-12748,25759,262258,
24/10/23,396530,95765,7687,13310,300765,
17/10/23,388843,82455,-23981,-8395,306388,
10/10/23,412824,90850,-48383,-20797,321974,
03/10/23,461207,111647,-7844,-7349,349560,
26/09/23,469051,118996,26763,5134,350055,
19/09/23,442288,113862,13490,11935,328426,
12/09/23,428798,101927,28326,777,326871,
05/09/23,400472,101150,41273,-17144,299322,
29/08/23,359199,118294,-3285,-9819,240905,
22/08/23,362484,128113,-8684,-947,234371,
15/08/23,371168,129060,-7819,6001,242108,
08/08/23,378987,123059,15261,1192,255928,
01/08/23,363726,121867,13219,-3444,241859,
25/07/23,350507,125311,-8834,-27931,225196,
18/07/23,359341,153242,20044,-12622,206099,
11/07/23,339297,165864,22299,-9705,173433,
03/07/23,316998,175569,-21080,-24121,141429,
27/06/23,338078,199690,-2996,25093,138388,
20/06/23,341074,174597,-12486,-23889,166477,
13/06/23,353560,198486,14242,31610,155074,
06/06/23,339318,166876,17233,7382,172442,
30/05/23,322085,159494,4485,35013,162591,
23/05/23,317600,124481,-10371,-12021,193119,
16/05/23,327971,136502,-10184,14975,191469,
09/05/23,338155,121527,14418,12635,216628,
02/05/23,323737,108892,-94,21499,214845,
25/04/23,323831,87393,1698,9835,236438,
18/04/23,322133,77558,12136,3193,244575,
11/04/23,309997,74365,2482,-7023,235632,
04/04/23,307515,81388,17862,-27196,226127,
28/03/23,289653,108584,-13687,-40415,181069,
21/03/23,303340,148999,813,22691,154341,
14/03/23,302527,126308,-16612,14070,176219,
07/03/23,319139,112238,-8016,397,206901,
28/02/23,327155,111841,4533,8890,215314,
21/02/23,322622,102951,-12619,-4749,219671,
14/02/23,335241,107700,3279,-111,227541,
07/02/23,331962,107811,-3112,16557,224151,
31/01/23,335074,91254,6594,12573,243820,
24/01/23,328480,78681,8939,-1642,249799,
17/01/23,319541,80323,12371,-21611,239218,
10/01/23,307170,101934,-16376,5995,205236,
03/01/23,323546,95939,-1471,18540,227607,
27/12/22,325017,77399,-1178,-10605,247618,
20/12/22,326195,88004,-966,-9598,238191,
13/12/22,327161,97602,-2998,-837,229559,
06/12/22,330159,98439,23985,32004,231720,
29/11/22,306174,66435,-14466,-1730,239739,
22/11/22,320640,68165,-41041,-15249,252475,
15/11/22,361681,83414,-6904,-10381,278267,
08/11/22,368585,93795,22389,2408,274790,
01/11/22,346196,91387,10856,5126,254809,
25/10/22,335340,86261,-869,1597,249079,
18/10/22,336209,84664,-9049,-1374,251545,
11/10/22,345258,86038,13563,-3658,259220,
04/10/22,331695,89696,-2238,-18157,241999,
27/09/22,333933,107853,-8655,5143,226080,
20/09/22,342588,102710,1872,-10949,239878,
13/09/22,340716,113659,14709,2130,227057,
06/09/22,326007,111529,-6408,8303,214478,
30/08/22,332415,103226,-9503,7528,229189,
23/08/22,341918,95698,-4947,-36227,246220,
16/08/22,346865,131925,8693,4404,214940,
09/08/22,338172,127521,-23638,19463,210651,
02/08/22,361810,108058,-6643,-1135,253752,
26/07/22,368453,109193,-6224,5607,259260,
19/07/22,374677,103586,-478,-3241,271091,
12/07/22,375155,106827,-19788,-7593,268328,
05/07/22,394943,114420,-1103,18066,280523,
28/06/22,396046,96354,7550,-2640,299692,
21/06/22,388496,98994,-20931,-7487,289502,
14/06/22,409427,106481,-14455,10855,302946,
07/06/22,423882,95626,2199,6919,328256,
31/05/22,421683,88707,-858,927,332976,
24/05/22,422541,87780,6351,-2773,334761,
17/05/22,416190,90553,1020,-13814,325637,
10/05/22,415170,104367,-4522,6376,310803,
03/05/22,419692,97991,6054,416,321701,
26/04/22,413638,97575,2016,-6350,316063,
19/04/22,411622,103925,-356,-3275,307697,
12/04/22,411978,107200,-1154,2662,304778,
05/04/22,413132,104538,-6965,3172,308594,
29/03/22,420097,101366,-16463,4775,318731,
22/03/22,436560,96591,-8041,-6195,339969,
15/03/22,444601,102786,-10738,9112,341815,
08/03/22,455339,93674,-10026,-3028,361665,
01/03/22,465365,96702,23263,-6359,368663,
22/02/22,442102,103061,-16717,-7665,339041,
15/02/22,458819,110726,-21741,-6451,348093,
08/02/22,480560,117177,-7046,-1525,363383,
01/02/22,487606,118702,-4704,-193,368904,
25/01/22,492310,118895,-10868,1498,373415,
18/01/22,503178,117397,18808,-6468,385781,
11/01/22,484370,123865,21776,-5904,360505,
04/01/22,462594,129769,-7352,-1748,332825,
