Date,Long,Short,Change long,Change short,Net position
18/03/25,116964,193443,-3971,-5565,-76479,
11/03/25,120935,199008,4568,-2201,-78073,
04/03/25,116367,201209,6710,29501,-84842,
25/02/25,109657,171708,-17783,7496,-62051,
18/02/25,127440,164212,-4708,-23877,-36772,
11/02/25,132148,188089,1272,-10142,-55941,
04/02/25,130876,198231,-2996,-26752,-67355,
28/01/25,133872,224983,-5039,13063,-91111,
21/01/25,138911,211920,139,-9061,-73009,
14/01/25,138772,220981,375,3110,-82209,
07/01/25,138397,217871,2139,5149,-79474,
31/12/24,136258,212722,4215,-6587,-76464,
24/12/24,132043,219309,5075,13001,-87266,
17/12/24,126968,206308,564,20614,-79340,
10/12/24,126404,185694,1188,-1059,-59290,
03/12/24,125216,186753,5590,14935,-61537,
26/11/24,119626,171818,3229,9382,-52192,
19/11/24,116397,162436,10430,17940,-46039,
12/11/24,105967,144496,1256,17244,-38529,
05/11/24,104711,127252,-2223,-2573,-22541,
29/10/24,106934,129825,-4211,1598,-22891,
22/10/24,111145,128227,2739,6107,-17082,
15/10/24,108406,122120,-3354,-3138,-13714,
08/10/24,111760,125258,-10567,-3201,-13498,
01/10/24,122327,128459,508,-5450,-6132,
24/09/24,121819,133909,-2345,-4444,-12090,
17/09/24,124164,138353,-2349,-4463,-14189,
10/09/24,126513,142816,-8038,-19477,-16303,
03/09/24,134551,162293,-4974,-9913,-27742,
27/08/24,139525,172206,5138,12113,-32681,
20/08/24,134387,160093,9022,-4177,-25706,
13/08/24,125365,164270,3223,1743,-38905,
06/08/24,122142,162527,-6510,-9383,-40385,
30/07/24,128652,171910,-1958,6685,-43258,
23/07/24,130610,165225,2860,1408,-34615,
16/07/24,127750,163817,-3412,-2131,-36067,
09/07/24,131162,165948,986,-2918,-34786,
02/07/24,130176,168866,10921,5079,-38690,
25/06/24,119255,163787,1766,19728,-44532,
18/06/24,117489,144059,5679,7223,-26570,
11/06/24,111810,136836,-10088,-3183,-25026,
04/06/24,121898,140019,-5687,-1959,-18121,
28/05/24,127585,141978,-2929,-1058,-14393,
21/05/24,130514,143036,-1970,5137,-12522,
14/05/24,132484,137899,9798,-2572,-5415,
07/05/24,122686,140471,1797,-4874,-17785,
30/04/24,120889,145345,-2808,-21743,-24456,
23/04/24,123697,167088,4923,-14583,-43391,
16/04/24,118774,181671,-559,9941,-62897,
09/04/24,119333,171730,-61,-7921,-52397,
02/04/24,119394,179651,661,-804,-60257,
26/03/24,118733,180455,-895,4767,-61722,
19/03/24,119628,175688,-949,1342,-56060,
12/03/24,120577,174346,-9146,-165,-53769,
05/03/24,129723,174511,6557,14364,-44788,
27/02/24,123166,160147,-1003,-8661,-36981,
20/02/24,124169,168808,-740,14892,-44639,
13/02/24,124909,153916,3564,-5713,-29007,
06/02/24,121345,159629,3317,5146,-38284,
30/01/24,118028,154483,8438,2111,-36455,
23/01/24,109590,152372,369,-3460,-42782,
16/01/24,109221,155832,1541,14762,-46611,
09/01/24,107680,141070,-619,-846,-33390,
02/01/24,108299,141916,4073,6279,-33617,
26/12/23,104226,135637,4160,-1422,-31411,
19/12/23,100066,137059,-8317,-11345,-36993,
12/12/23,108383,148404,-11582,-38628,-40021,
05/12/23,119965,187032,5258,-24879,-67067,
28/11/23,114707,211911,-14408,5265,-97204,
21/11/23,129115,206646,740,19233,-77531,
14/11/23,128375,187413,-4577,-5150,-59038,
07/11/23,132952,192563,9997,41,-59611,
31/10/23,122955,192522,1148,10768,-69567,
24/10/23,121807,181754,3022,-6274,-59947,
17/10/23,118785,188028,347,1896,-69243,
10/10/23,118438,186132,-4295,2052,-67694,
03/10/23,122733,184080,2092,3425,-61347,
26/09/23,120641,180655,-652,2425,-60014,
19/09/23,121293,178230,7016,14334,-56937,
12/09/23,114277,163896,4296,7505,-49619,
05/09/23,109981,156391,6846,2999,-46410,
29/08/23,103135,153392,-8632,6834,-50257,
22/08/23,111767,146558,1411,4327,-34791,
15/08/23,110356,142231,4453,13534,-31875,
08/08/23,105903,128697,7574,4291,-22794,
01/08/23,98329,124406,7913,13435,-26077,
25/07/23,90416,110971,4498,-13650,-20555,
18/07/23,85918,124621,3172,1464,-38703,
11/07/23,82746,123157,-808,-5861,-40411,
03/07/23,83554,129018,1528,-185,-45464,
27/06/23,82026,129203,-16120,-35307,-47177,
20/06/23,98146,164510,-6198,-26661,-66364,
13/06/23,104344,191171,-2490,-6347,-86827,
06/06/23,106834,197518,-504,-3816,-90684,
30/05/23,107338,201334,-5052,2625,-93996,
23/05/23,112390,198709,1716,6623,-86319,
16/05/23,110674,192086,3459,96,-81412,
09/05/23,107215,191990,-2038,-7466,-84775,
02/05/23,109253,199456,7312,14327,-90203,
25/04/23,101941,185129,-3865,8787,-83188,
18/04/23,105806,176342,-3739,115,-70536,
11/04/23,109545,176227,10255,16138,-66682,
04/04/23,99290,160089,-2417,-2163,-60799,
28/03/23,101707,162252,-3586,-2244,-60545,
21/03/23,105293,164496,-4424,-10535,-59203,
14/03/23,109717,175031,5737,-2214,-65314,
07/03/23,103980,177245,11030,17533,-73265,
28/02/23,92950,159712,497,19771,-66762,
21/02/23,92453,139941,-2458,10906,-47488,
14/02/23,94911,129035,5057,-7118,-34124,
07/02/23,89854,136153,-142,6097,-46299,
31/01/23,89996,130056,1209,-7051,-40060,
24/01/23,88787,137107,2218,8524,-48320,
17/01/23,86569,128583,-516,1782,-42014,
10/01/23,87085,126801,2396,9821,-39716,
03/01/23,84689,116980,-1149,-5147,-32291,
27/12/22,85838,122127,-4572,-5267,-36289,
20/12/22,90410,127394,-3925,-6859,-36984,
13/12/22,94335,134253,-1511,-1490,-39918,
06/12/22,95846,135743,8039,14631,-39897,
29/11/22,87807,121112,-6400,-613,-33305,
22/11/22,94207,121725,4013,9050,-27518,
15/11/22,90194,112675,-3960,1307,-22481,
08/11/22,94154,111368,2990,4438,-17214,
01/11/22,91164,106930,4865,7718,-15766,
25/10/22,86299,99212,261,9633,-12913,
18/10/22,86038,89579,1095,2646,-3541,
11/10/22,84943,86933,1609,9223,-1990,
04/10/22,83334,77710,-4551,-7440,5624,
27/09/22,87885,85150,-759,-7523,2735,
20/09/22,88644,92673,553,-3546,-4029,
13/09/22,88091,96219,-520,-2151,-8128,
06/09/22,88611,98370,-689,-2429,-9759,
30/08/22,89300,100799,-3727,-484,-11499,
23/08/22,93027,101283,-2425,3923,-8256,
16/08/22,95452,97360,-570,-2088,-1908,
09/08/22,96022,99448,215,2916,-3426,
02/08/22,95807,96532,7407,8157,-725,
26/07/22,88400,88375,-3157,3340,25,
19/07/22,91557,85035,7351,5468,6522,
12/07/22,84206,79567,-2888,857,4639,
05/07/22,87094,78710,-2895,-3600,8384,
28/06/22,89989,82310,-12935,-1547,7679,
21/06/22,102924,83857,-2642,-1274,19067,
14/06/22,105566,85131,-4112,-666,20435,
07/06/22,109678,85797,-4286,-5858,23881,
31/05/22,113964,91655,-4206,-171,22309,
24/05/22,118170,91826,-3423,-961,26344,
17/05/22,121593,92787,10047,2927,28806,
10/05/22,111546,89860,108,-1566,21686,
03/05/22,111438,91426,-1168,470,20012,
26/04/22,112606,90956,-8733,-7138,21650,
19/04/22,121339,98094,1773,2414,23245,
12/04/22,119566,95680,5279,1344,23886,
05/04/22,114287,94336,1347,-5045,19951,
29/03/22,112940,99381,-470,-4539,13559,
22/03/22,113410,103920,2796,4236,9490,
15/03/22,110614,99684,-2594,-899,10930,
08/03/22,113208,100583,8274,2092,12625,
01/03/22,104934,98491,7259,-3086,6443,
22/02/22,97675,101577,-8947,-10891,-3902,
15/02/22,106622,112468,2737,5005,-5846,
08/02/22,103885,107463,-1542,2386,-3578,
01/02/22,105427,105077,-4249,7062,350,
25/01/22,109676,98015,2913,-3908,11661,
18/01/22,106763,101923,6348,42,4840,
11/01/22,100415,101881,-2137,3409,-1466,
04/01/22,102552,98472,1971,3826,4080,
